37.6309271 127.0765655
37.630942 127.0765704
37.6309548 127.0765743
37.6309649 127.0765778
37.6309801 127.0765835
37.6309944 127.0765897
37.6310094 127.0765949
37.6310255 127.0766003
37.6310394 127.0766051
37.6310523 127.0766092
37.6310654 127.0766136
37.6310794 127.0766183
37.6310932 127.0766231
37.6311064 127.0766274
37.6311231 127.0766329
37.6311366 127.0766376
37.6311541 127.0766432
37.6311704 127.0766494
37.6311844 127.0766538
37.6312009 127.0766593
37.6312174 127.0766649
37.631231 127.0766693
37.6312452 127.0766744
37.6312585 127.0766789
37.6312725 127.0766833
37.6312905 127.076678
37.6313043 127.076683
37.6313158 127.0766873
37.6313297 127.076692
37.6313435 127.0766966
37.6313583 127.0767012
37.6313733 127.0767061
37.6313872 127.0767104
37.6313996 127.0767143
37.6314127 127.0767195
37.6314253 127.0767235
37.6314395 127.0767285
37.6314533 127.0767332
37.6314638 127.0767369
37.6314787 127.0767396
37.6314971 127.0767346
37.6315098 127.0767246
37.6315192 127.0767113
37.6315276 127.0766954
37.6315346 127.0766792
37.6315381 127.0766658
37.6315408 127.0766535
37.6315438 127.0766379
37.6315471 127.0766217
37.631551 127.0766041
37.6315554 127.0765854
37.631559 127.0765695
37.6315621 127.0765555
37.6315657 127.0765402
37.6315699 127.0765212
37.631574 127.076503
37.631578 127.0764851
37.6315812 127.0764689
37.6315862 127.0764473
37.6315899 127.0764298
37.6315941 127.0764117
37.6315986 127.0763965
37.6316024 127.0763785
37.6316052 127.076364
37.631608 127.0763472
37.631612 127.076331
37.6316147 127.0763156
37.6316184 127.0762977
37.631619 127.076279
37.6316256 127.0762557
37.6316288 127.0762424
37.6316329 127.0762284
37.6316393 127.0762001
37.6316423 127.0761843
37.6316453 127.0761699
37.6316519 127.0761425
37.6316556 127.076124
37.6316596 127.0761082
37.6316627 127.0760937
37.6316663 127.0760784
37.6316693 127.0760631
37.6316731 127.0760466
37.6316777 127.076029
37.6316822 127.0760137
37.6316853 127.0759982
37.6316887 127.075981
37.6316915 127.0759671
37.6316947 127.0759506
37.6316973 127.0759337
37.6316983 127.0759184
37.6316972 127.0759057
37.6316934 127.0758934
37.6316818 127.0758729
37.6316745 127.075866
37.6316682 127.0758614
37.6316568 127.0758573
37.6316427 127.0758526
37.6316314 127.0758483
37.6316186 127.0758435
37.6316028 127.0758388
37.6315901 127.0758347
37.631577 127.0758303
37.6315645 127.0758262
37.6315522 127.0758225
37.6315329 127.0758162
37.6315191 127.0758117
37.6315051 127.075807
37.6314927 127.0758024
37.6314799 127.0757978
37.6314677 127.0757921
37.6314552 127.075788
37.6314424 127.075783
37.6314269 127.0757782
37.6314042 127.0757731
37.6313906 127.0757684
37.631369 127.0757627
37.6313452 127.0757561
37.6313352 127.075754
37.6313205 127.0757501
37.6313094 127.0757464
37.6312968 127.0757429
37.6312726 127.0757349
37.63126 127.0757312
37.631249 127.0757279
37.6312364 127.0757237
37.6312235 127.0757194
37.6312089 127.0757147
37.6311944 127.0757101
37.6311797 127.075705
37.6311669 127.0757004
37.631157 127.0756976
37.6311404 127.0756943
37.631128 127.0756916
37.6311158 127.0756881
37.6311018 127.0756868
37.6310886 127.0756904
37.6310797 127.0756971
37.6310684 127.0757082
37.6310608 127.0757202
37.6310563 127.0757334
37.6310517 127.0757468
37.6310467 127.0757627
37.6310431 127.0757786
37.6310385 127.0757964
37.6310381 127.0758123
37.6310371 127.0758259
37.6310344 127.0758435
37.6310313 127.0758583
37.6310283 127.075871
37.6310242 127.0758863
37.6310209 127.0758993
37.6310179 127.075915
37.6310148 127.0759299
37.6310118 127.0759461
37.6310098 127.0759598
37.6310081 127.0759724
37.6310064 127.0759874
37.6310049 127.0760033
37.6310006 127.076022
37.6309956 127.0760387
37.6309922 127.0760536
37.6309878 127.0760698
37.6309832 127.0760855
37.6309793 127.0761005
37.6309756 127.076115
37.6309721 127.0761319
37.6309677 127.0761475
37.6309646 127.0761626
37.6309612 127.0761774
37.630958 127.0761893
37.6309542 127.0762075
37.6309508 127.0762251
37.6309474 127.0762395
37.6309441 127.0762544
37.6309399 127.076272
37.6309364 127.0762865
37.6309332 127.076301
37.6309296 127.0763184
37.6309258 127.0763362
37.6309211 127.0763518
37.6309169 127.0763674
37.6309139 127.0763809
37.6309115 127.0763946
37.6309094 127.0764098
37.6309073 127.0764251
37.6309041 127.0764407
37.6309012 127.0764541
37.630889 127.0764695
37.6308868 127.0764846
37.6308858 127.0765012
37.6308874 127.0765143
37.6308911 127.0765287
37.6308982 127.0765413
37.6309073 127.0765484
37.630917 127.0765525