37.6308705 127.0764643
37.6308628 127.0764875
37.6308543 127.0765175
37.6308464 127.0765424
37.6308382 127.0765688
37.6308341 127.0765907
37.6308312 127.0766236
37.6308325 127.0766577
37.6308349 127.0766871
37.6308418 127.076723
37.630853 127.0767599
37.6308638 127.0767928
37.6308768 127.0768292
37.6308903 127.0768616
37.6309004 127.0768853
37.630913 127.0769143
37.6309289 127.0769488
37.6309461 127.0769853
37.6309619 127.0770195
37.6309793 127.0770576
37.6309914 127.0770844
37.6310022 127.0771091
37.6310137 127.0771347
37.6310271 127.0771616
37.6310434 127.0771928
37.6310574 127.0772201
37.6310728 127.0772533
37.6310859 127.0772866
37.6310938 127.0773189
37.6310939 127.0773585
37.6310875 127.0773906
37.631078 127.0774234
37.6310666 127.0774594
37.6310588 127.0774966
37.6310546 127.0775371
37.6310594 127.077583
37.6310753 127.0776194
37.6310989 127.0776388
37.6311242 127.0776409
37.631148 127.0776254
37.6311651 127.0775918
37.6311631 127.0775577
37.631158 127.0775211
37.6311501 127.0774776
37.6311435 127.0774379
37.6311379 127.0773995
37.6311323 127.0773587
37.6311265 127.077321
37.6311151 127.0772829
37.6310999 127.0772505
37.6310838 127.0772153
37.6310685 127.0771825
37.6310532 127.0771471
37.6310388 127.0771157
37.631024 127.0770834
37.6310092 127.0770527
37.6309953 127.0770234
37.6309814 127.0769948
37.6309662 127.0769611
37.6309501 127.076925
37.6309349 127.0768893
