37.6312572 127.0766338
37.6312564 127.0766335
37.6312535 127.0766327
37.6312469 127.0766305
37.6312381 127.0766278
37.631231 127.0766256
37.6312233 127.0766228
37.6312164 127.0766202
37.6312061 127.0766173
37.6311962 127.0766139
37.6311851 127.0766099
37.6311759 127.0766068
37.6311657 127.0766034
37.6311563 127.0766001
37.6311475 127.076597
37.6311394 127.0765943
37.6311327 127.0765919
37.6311236 127.0765886
37.6311158 127.0765855
37.6311069 127.0765823
37.6311001 127.0765798
37.6310924 127.076577
37.6310849 127.0765742
37.631078 127.0765719
37.6310686 127.0765689
37.6310611 127.0765665
37.6310527 127.0765639
37.6310453 127.0765617
37.6310358 127.0765584
37.6310273 127.0765556
37.6310201 127.0765533
37.6310118 127.0765504
37.6310031 127.0765472
37.6309935 127.0765442
37.630984 127.0765414
37.6309732 127.0765383
37.6309645 127.0765356
37.6309548 127.0765321
37.6309472 127.0765296
37.6309377 127.0765264
37.6309269 127.0765231
37.6309174 127.0765197
37.630907 127.0765161
37.6308987 127.0765134
37.6308895 127.0765109
37.6308821 127.0765085
37.6308723 127.0765053
37.6308645 127.0765028
37.6308577 127.0765006
37.6308519 127.0764987
37.6308452 127.0764965
37.6308378 127.076494
37.6308299 127.0764914
37.6308186 127.0764878
37.63081 127.0764859
37.6308028 127.0764856
37.6307958 127.0764859
37.6307892 127.0764867
37.6307824 127.0764881
37.6307736 127.0764923
37.6307671 127.0764958
37.6307634 127.0764981
37.6307575 127.076502
37.6307522 127.076505
37.6307474 127.0765081
37.6307418 127.0765113
37.6307363 127.0765151
37.6307326 127.0765179
37.6307285 127.0765221
37.6307238 127.0765287
37.6307214 127.0765337
37.63072 127.0765375
37.630719 127.076541
37.6307179 127.0765486
37.6307175 127.0765548
37.6307178 127.0765595
37.6307186 127.0765665
37.6307204 127.0765746
37.6307227 127.0765821
37.6307243 127.0765878
37.6307264 127.0765941
37.6307301 127.0766013
37.6307355 127.0766084
37.6307415 127.0766136
37.6307459 127.0766164
37.6307508 127.076619
37.630756 127.0766217
37.6307641 127.0766253
37.6307703 127.0766279
37.6307771 127.0766306
37.6307823 127.0766325
37.630788 127.076635
37.6307946 127.0766377
37.6307999 127.0766397
37.6308065 127.0766422
37.6308122 127.0766443
37.6308182 127.0766465
37.6308228 127.0766481
37.6308303 127.07665
37.6308374 127.076649
37.6308451 127.0766452
37.6308509 127.0766406
37.6308564 127.0766333
37.6308583 127.0766298
37.6308598 127.0766273
37.6308625 127.0766218
37.6308653 127.0766151
37.6308687 127.0766089
37.6308702 127.076606
37.6308731 127.0765993
37.6308773 127.0765899
37.6308827 127.0765803
37.6308917 127.0765695
37.6309012 127.0765624
37.6309143 127.0765601
37.6309249 127.0765583
37.6309369 127.0765585
37.6309461 127.0765596
37.6309564 127.0765623
37.6309636 127.0765654
37.6309719 127.0765686
37.6309797 127.0765722
37.6309872 127.0765756
37.6309962 127.0765796
37.6310048 127.076583
37.6310149 127.0765867
37.6310231 127.0765896
37.6310327 127.0765923
37.6310406 127.0765945
37.6310496 127.0765975
37.6310596 127.076601
37.6310703 127.0766047
37.6310804 127.0766077
37.6310882 127.07661
37.6310968 127.0766125
37.6311035 127.0766145
37.6311108 127.0766169
37.6311182 127.0766194
37.631125 127.0766215
37.6311354 127.0766247
37.6311435 127.0766273
37.6311526 127.0766305
37.6311594 127.0766327
37.6311677 127.0766355
37.6311751 127.0766379
37.631182 127.0766401
37.6311885 127.0766421
37.6311953 127.0766444
37.6312016 127.0766473
37.6312072 127.076649
37.6312137 127.0766513
37.6312188 127.0766531
37.6312249 127.0766551
37.6312299 127.076657
37.6312352 127.0766589
37.6312399 127.0766608
37.6312433 127.0766619
